     0/299     7.93G   0.03294   0.01477         0    0.0477        74       640    0.8253    0.8059     0.849    0.6185   0.04408    0.1183         0
     1/299     10.9G   0.02258   0.01177         0   0.03434        76       640    0.8186     0.787    0.8314    0.6192   0.04346    0.1274         0
     2/299     10.9G   0.01858    0.0107         0   0.02928        80       640    0.8248    0.7994    0.8314    0.6238   0.03795    0.1456         0
     3/299     10.9G   0.01607   0.01003         0    0.0261        58       640    0.8489     0.758    0.7946     0.603   0.03802    0.1717         0
     4/299     10.9G   0.01501  0.009393         0    0.0244        67       640    0.8385    0.7697    0.8077    0.6058   0.03728    0.1755         0
     5/299     10.9G   0.01448  0.009036         0   0.02352        70       640    0.8342    0.7887     0.825    0.6219   0.03655    0.1767         0
     6/299     10.9G   0.01412  0.008814         0   0.02293        65       640     0.842     0.787    0.8253    0.6185   0.03795    0.1779         0
     7/299     10.9G   0.01387  0.008608         0   0.02247        75       640    0.8502    0.7829    0.8165    0.6156   0.03869    0.1815         0
     8/299     10.9G   0.01374  0.008494         0   0.02223        53       640    0.8487    0.7945    0.8314     0.626   0.03779    0.1826         0
     9/299     10.9G   0.01356  0.008418         0   0.02198        72       640    0.8424    0.7871    0.8247    0.6234   0.03864    0.1862         0
    10/299     10.9G   0.01347   0.00835         0   0.02182       109       640    0.8635    0.7704    0.8156    0.6164   0.03879    0.1903         0
    11/299     10.9G   0.01336   0.00826         0   0.02162        64       640    0.8442    0.7864    0.8208     0.617    0.0395    0.1901         0
    12/299     10.9G   0.01327  0.008231         0    0.0215        51       640    0.8432    0.7778     0.815     0.616   0.03879    0.1934         0
    13/299     10.9G   0.01315  0.008157         0   0.02131        46       640    0.8399    0.7783    0.8148    0.6179    0.0393    0.1932         0
    14/299     10.9G   0.01314  0.008116         0   0.02126        61       640    0.8417    0.7777    0.8143    0.6182   0.03948    0.1928         0
    15/299     10.9G   0.01309  0.008058         0   0.02115        61       640    0.8363    0.7791    0.8124    0.6169   0.03963     0.193         0
    16/299     10.9G   0.01298  0.008012         0   0.02099        55       640     0.841    0.7766    0.8146    0.6177   0.03983    0.1927         0
    17/299     10.9G   0.01288  0.008001         0   0.02088        39       640    0.8362    0.7805    0.8153    0.6185   0.03989    0.1924         0
    18/299     10.9G   0.01289  0.008005         0    0.0209        78       640    0.8421    0.7752    0.8149     0.618   0.03981    0.1926         0
    19/299     10.9G   0.01293  0.007988         0   0.02091        45       640    0.8373    0.7794    0.8146    0.6174   0.03978     0.193         0
    20/299     10.9G   0.01282  0.007901         0   0.02072        67       640    0.8374    0.7794    0.8134    0.6167   0.03986    0.1934         0
    21/299     10.9G   0.01274   0.00783         0   0.02058        51       640    0.8371    0.7797    0.8123    0.6161   0.03989     0.194         0
    22/299     10.9G   0.01278  0.007866         0   0.02065        85       640    0.8397    0.7778    0.8118    0.6156    0.0399    0.1943         0
    23/299     10.9G   0.01274  0.007881         0   0.02062        63       640    0.8426    0.7756    0.8115    0.6153   0.03998    0.1945         0
    24/299     10.9G   0.01275  0.007858         0   0.02061        47       640    0.8413    0.7771    0.8106    0.6147   0.04001     0.195         0
    25/299     10.9G   0.01269  0.007842         0   0.02054       107       640      0.84    0.7788    0.8106    0.6145   0.04006    0.1954         0
    26/299     10.9G   0.01262  0.007786         0   0.02041        71       640    0.8436    0.7753    0.8096    0.6138   0.04007    0.1961         0
    27/299     10.9G    0.0126  0.007774         0   0.02037        54       640    0.8415    0.7776    0.8106    0.6145   0.04003    0.1962         0
    28/299     10.9G   0.01255  0.007769         0   0.02032        63       640     0.841    0.7772    0.8102    0.6141   0.04006    0.1966         0
    29/299     10.9G   0.01267  0.007795         0   0.02046        79       640    0.8461    0.7735    0.8099    0.6157   0.03998    0.1972         0
    30/299     10.9G   0.01254  0.007697         0   0.02024        60       640    0.8428    0.7769    0.8105    0.6168   0.03996    0.1972         0
    31/299     10.9G    0.0125  0.007692         0   0.02019        46       640    0.8424    0.7767    0.8108     0.617   0.03996    0.1972         0
    32/299     10.9G   0.01243  0.007699         0   0.02013        79       640    0.8456    0.7726    0.8102    0.6166   0.03997    0.1974         0
    33/299     10.9G   0.01239   0.00768         0   0.02007        47       640    0.8459    0.7725    0.8099    0.6164   0.03994    0.1978         0
    34/299     10.9G   0.01245  0.007685         0   0.02013        63       640    0.8445    0.7731    0.8092    0.6159   0.03989    0.1984         0
    35/299     10.9G   0.01235  0.007601         0   0.01995        59       640    0.8441    0.7727    0.8083    0.6154   0.03987    0.1991         0
    36/299     10.9G   0.01241  0.007653         0   0.02006        65       640     0.845    0.7721    0.8079    0.6151   0.03989    0.1994         0
    37/299     10.9G   0.01235  0.007619         0   0.01997        67       640    0.8387    0.7773    0.8081    0.6149   0.03988    0.1998         0
    38/299     10.9G   0.01231  0.007615         0   0.01992        66       640    0.8426    0.7734    0.8072    0.6142   0.03989    0.2002         0
    39/299     10.9G   0.01234   0.00762         0   0.01996        36       640    0.8442    0.7713    0.8059    0.6129   0.03996    0.2011         0
    40/299     10.9G   0.01231  0.007576         0   0.01988       106       640    0.8446    0.7713    0.8056    0.6123   0.04001    0.2014         0
    41/299     10.9G   0.01223   0.00755         0   0.01978        75       640    0.8432    0.7726    0.8046    0.6114   0.04008    0.2018         0
    42/299     10.9G   0.01218   0.00754         0   0.01972        92       640    0.8406    0.7755    0.8048    0.6115   0.04009    0.2017         0
    43/299     10.9G   0.01224  0.007595         0   0.01984       115       640    0.8424    0.7739    0.8039    0.6107   0.04007    0.2023         0
    44/299     10.9G   0.01211  0.007493         0    0.0196        62       640    0.8463    0.7699    0.8028    0.6098    0.0401    0.2029         0
    45/299     10.9G   0.01217  0.007512         0   0.01968        80       640    0.8426    0.7726    0.8023    0.6096   0.04013    0.2031         0
    46/299     10.9G   0.01214  0.007485         0   0.01963        77       640    0.8428    0.7719    0.8016    0.6088   0.04022    0.2036         0
    47/299     10.9G    0.0121  0.007518         0   0.01962        45       640    0.8433    0.7703    0.8009    0.6081   0.04028    0.2038         0
    48/299     10.9G   0.01213  0.007501         0   0.01963        65       640    0.8465    0.7679     0.801    0.6082   0.04028    0.2038         0
    49/299     10.9G   0.01216  0.007505         0   0.01967        88       640    0.8436    0.7704    0.8008     0.608   0.04034    0.2041         0
    50/299     10.9G   0.01214  0.007532         0   0.01967        78       640    0.8445    0.7692    0.7998    0.6072   0.04045    0.2044         0
    51/299     10.9G   0.01204  0.007468         0   0.01951        73       640    0.8416    0.7707     0.799    0.6062   0.04045    0.2049         0
    52/299     10.9G     0.012  0.007433         0   0.01943       106       640    0.8428    0.7694    0.7987     0.605   0.04044    0.2051         0
    53/299     10.9G   0.01198  0.007413         0   0.01939        59       640    0.8448    0.7672    0.7982    0.6044   0.04048    0.2052         0
    54/299     10.9G   0.01197  0.007398         0   0.01937        96       640     0.847    0.7647    0.7976    0.6034   0.04055    0.2052         0
    55/299     10.9G   0.01201  0.007452         0   0.01947        46       640    0.8417    0.7696    0.7971    0.6027   0.04053    0.2053         0
    56/299     10.9G   0.01194  0.007407         0   0.01935        63       640     0.845    0.7655    0.7959    0.6017   0.04058    0.2056         0
    57/299     10.9G   0.01187  0.007349         0   0.01922        65       640    0.8477    0.7622    0.7959    0.6006   0.04067    0.2054         0
    58/299     10.9G   0.01188  0.007378         0   0.01926        81       640    0.8469    0.7627     0.795    0.5997   0.04071    0.2057         0
    59/299     10.9G   0.01191  0.007365         0   0.01927        59       640    0.8438    0.7645    0.7939     0.599   0.04075    0.2059         0
    60/299     10.9G   0.01187  0.007355         0   0.01923        66       640     0.847    0.7612    0.7939    0.5992   0.04076    0.2056         0
    61/299     10.9G   0.01189   0.00741         0    0.0193        51       640    0.8478    0.7605    0.7937    0.5989   0.04077    0.2057         0
    62/299     10.9G   0.01186  0.007329         0   0.01919        37       640    0.8434    0.7627    0.7928    0.5981   0.04079    0.2059         0
    63/299     10.9G   0.01176  0.007322         0   0.01909        56       640    0.8457    0.7608    0.7915    0.5966   0.04085    0.2059         0
    64/299     10.9G   0.01188  0.007419         0    0.0193        84       640    0.8451    0.7596    0.7898    0.5945   0.04085    0.2072         0
    65/299     10.9G   0.01175  0.007366         0   0.01912        93       640    0.8412     0.762    0.7897    0.5943   0.04093    0.2079         0
    66/299     10.9G   0.01181  0.007352         0   0.01916        58       640    0.8386    0.7639    0.7899    0.5938   0.04104    0.2079         0
    67/299     10.9G   0.01181  0.007342         0   0.01915        37       640    0.8374    0.7647    0.7905    0.5935   0.04111    0.2073         0
    68/299     10.9G   0.01176    0.0073         0   0.01906        77       640    0.8425    0.7607    0.7911    0.5938   0.04117    0.2067         0
    69/299     10.9G    0.0118  0.007323         0   0.01912        73       640    0.8375    0.7636    0.7909    0.5936   0.04123    0.2063         0
    70/299     10.9G   0.01169  0.007226         0   0.01892        57       640    0.8377    0.7635    0.7907    0.5935   0.04128    0.2061         0
    71/299     10.9G   0.01168  0.007224         0   0.01891        60       640    0.8344    0.7654    0.7904    0.5931   0.04137    0.2058         0
    72/299     10.9G   0.01167  0.007244         0   0.01891        88       640    0.8305    0.7676    0.7908    0.5931   0.04141    0.2055         0
    73/299     10.9G   0.01165  0.007182         0   0.01884        58       640    0.8362    0.7616    0.7906    0.5929   0.04143    0.2055         0
    74/299     10.9G   0.01159  0.007162         0   0.01875        62       640    0.8349    0.7632    0.7914    0.5931    0.0415    0.2051         0
    75/299     10.9G   0.01165  0.007232         0   0.01888        77       640    0.8332     0.765    0.7916    0.5933   0.04162    0.2053         0
    76/299     10.9G    0.0117  0.007265         0   0.01896        59       640    0.8358    0.7637    0.7917    0.5937   0.04172     0.205         0
    77/299     10.9G   0.01158  0.007202         0   0.01878        51       640    0.8314    0.7672    0.7916    0.5936   0.04177    0.2052         0
    78/299     10.9G   0.01156  0.007187         0   0.01875        59       640    0.8308    0.7661    0.7907    0.5925   0.04186    0.2059         0
    79/299     10.9G   0.01158  0.007197         0   0.01877        84       640    0.8246    0.7715    0.7906     0.592    0.0419     0.206         0
    80/299     10.9G    0.0116   0.00711         0   0.01871        38       640    0.8258    0.7701    0.7903    0.5913   0.04196    0.2064         0
    81/299     10.9G    0.0116  0.007186         0   0.01878        85       640     0.831    0.7656    0.7908    0.5918   0.04199    0.2065         0
    82/299     10.9G   0.01153  0.007142         0   0.01868        57       640    0.8296    0.7666    0.7905    0.5912   0.04203    0.2068         0
    83/299     10.9G   0.01154  0.007144         0   0.01868        60       640    0.8323    0.7645     0.791    0.5915   0.04206    0.2068         0
    84/299     10.9G   0.01152  0.007114         0   0.01864        51       640    0.8291    0.7669     0.791    0.5915   0.04211     0.207         0
    85/299     10.9G   0.01149  0.007097         0   0.01859       112       640    0.8281    0.7681     0.792    0.5922   0.04214     0.207         0
    86/299     10.9G    0.0115  0.007092         0   0.01859        61       640     0.829     0.768    0.7927    0.5924   0.04221    0.2067         0
    87/299     10.9G   0.01146  0.007094         0   0.01855        59       640    0.8317    0.7663    0.7926     0.592   0.04225    0.2066         0
    88/299     10.9G   0.01148  0.007115         0    0.0186        59       640    0.8288    0.7696    0.7931    0.5924   0.04223    0.2065         0
    89/299     10.9G   0.01143  0.007092         0   0.01852        58       640     0.836     0.764    0.7927     0.592   0.04226    0.2068         0
    90/299     10.9G   0.01141  0.007093         0    0.0185        40       640     0.834    0.7669    0.7932    0.5927    0.0423    0.2069         0
    91/299     10.9G   0.01134  0.007021         0   0.01836        55       640    0.8365    0.7649    0.7934     0.593   0.04228    0.2071         0
    92/299     10.9G   0.01138  0.007031         0   0.01842        44       640    0.8374    0.7648    0.7935     0.593   0.04228    0.2072         0
    93/299     10.9G   0.01138  0.007058         0   0.01843        43       640    0.8401    0.7637     0.794    0.5935   0.04225    0.2071         0
    94/299     10.9G   0.01136  0.007033         0   0.01839        57       640    0.8395    0.7659    0.7951    0.5943   0.04227     0.207         0
    95/299     10.9G    0.0114  0.007085         0   0.01849       107       640    0.8395    0.7653    0.7947    0.5938   0.04232    0.2073         0
    96/299     10.9G   0.01135  0.007027         0   0.01837        69       640    0.8418    0.7623    0.7939    0.5931   0.04238    0.2074         0
    97/299     10.9G   0.01136   0.00709         0   0.01845        42       640    0.8347     0.766    0.7923    0.5914   0.04235    0.2081         0
    98/299     10.9G   0.01132  0.007049         0   0.01837        87       640    0.8351    0.7643    0.7915    0.5904   0.04219    0.2088         0
    99/299     10.9G   0.01133   0.00705         0   0.01838        67       640    0.8368    0.7617     0.791    0.5898   0.04219    0.2085         0
   100/299     10.9G   0.01128   0.00702         0    0.0183        64       640    0.8361    0.7619    0.7907    0.5893   0.04221    0.2087         0
   101/299     10.9G   0.01124  0.006958         0   0.01819        93       640    0.8346    0.7626    0.7904    0.5891   0.04225    0.2089         0
   102/299     10.9G   0.01128  0.007008         0   0.01829        99       640    0.8341    0.7627    0.7904     0.589   0.04233    0.2091         0
   103/299     10.9G   0.01125  0.006973         0   0.01822        59       640    0.8346     0.762    0.7908    0.5894    0.0424    0.2088         0
   104/299     10.9G   0.01121  0.006968         0   0.01818        50       640    0.8313    0.7648     0.791    0.5892   0.04246    0.2087         0
   105/299     10.9G   0.01116  0.006963         0   0.01812        54       640    0.8298    0.7664    0.7917    0.5897   0.04252    0.2087         0
   106/299     10.9G   0.01119  0.006959         0   0.01815        45       640    0.8316    0.7655    0.7927    0.5902   0.04253    0.2086         0
   107/299     10.9G   0.01114  0.006931         0   0.01807        80       640    0.8319    0.7655    0.7937     0.591   0.04258    0.2082         0
   108/299     10.9G   0.01113  0.006903         0   0.01803        67       640    0.8307    0.7661    0.7938     0.591   0.04266    0.2083         0
   109/299     10.9G   0.01116  0.006937         0   0.01809        75       640     0.829    0.7659    0.7926    0.5896   0.04272    0.2087         0
   110/299     10.9G   0.01115  0.006948         0    0.0181        97       640    0.8255    0.7681    0.7917    0.5889   0.04276    0.2092         0
   111/299     10.9G   0.01112  0.006914         0   0.01804        60       640    0.8235     0.769    0.7918    0.5891   0.04275    0.2095         0
   112/299     10.9G   0.01113  0.006891         0   0.01802        94       640    0.8234    0.7697    0.7924    0.5899   0.04273    0.2095         0
   113/299     10.9G   0.01107  0.006864         0   0.01793        95       640    0.8213    0.7708    0.7932    0.5906   0.04276    0.2094         0
   114/299     10.9G   0.01106   0.00686         0   0.01792        80       640    0.8193    0.7714    0.7934    0.5904   0.04279    0.2095         0
   115/299     10.9G   0.01103  0.006834         0   0.01786        74       640    0.8187    0.7704     0.793    0.5906   0.04286    0.2097         0
   116/299     10.9G     0.011  0.006846         0   0.01785        88       640    0.8226    0.7666    0.7929    0.5905   0.04291    0.2096         0
   117/299     10.9G   0.01103  0.006891         0   0.01792        45       640    0.8275    0.7633    0.7935     0.591   0.04297    0.2083         0
   118/299     10.9G     0.011  0.006842         0   0.01785        91       640    0.8265    0.7645    0.7931    0.5905   0.04302     0.208         0
   119/299     10.9G   0.01096  0.006825         0   0.01778        44       640    0.8238    0.7671    0.7931    0.5905   0.04305    0.2078         0
   120/299     10.9G   0.01096  0.006852         0   0.01781        54       640    0.8205    0.7693    0.7931    0.5903   0.04308    0.2077         0
   121/299     10.9G   0.01092  0.006768         0   0.01768        64       640    0.8215    0.7678    0.7928    0.5903    0.0431    0.2082         0
   122/299     10.9G   0.01094   0.00683         0   0.01777        75       640     0.821    0.7672    0.7922      0.59   0.04316    0.2083         0
   123/299     10.9G   0.01088  0.006761         0   0.01764        57       640    0.8243    0.7634    0.7922      0.59   0.04318    0.2083         0
   124/299     10.9G   0.01085  0.006781         0   0.01763        26       640    0.8259     0.762    0.7922    0.5901   0.04318    0.2086         0
   125/299     10.9G   0.01079  0.006708         0   0.01749       106       640    0.8278    0.7608    0.7924    0.5903   0.04317    0.2089         0
   126/299     10.9G   0.01085  0.006749         0    0.0176        73       640     0.822    0.7661    0.7921    0.5899   0.04318    0.2096         0
   127/299     10.9G   0.01085  0.006791         0   0.01764        47       640    0.8253    0.7609    0.7909    0.5888   0.04323    0.2102         0
   128/299     10.9G   0.01084  0.006744         0   0.01758        60       640    0.8134    0.7695    0.7901    0.5881   0.04324    0.2111         0
   129/299     10.9G    0.0108  0.006731         0   0.01753        63       640    0.8154    0.7673    0.7895    0.5875    0.0433    0.2116         0
   130/299     10.9G   0.01075   0.00669         0   0.01744        71       640    0.8185    0.7643    0.7897    0.5877   0.04331     0.212         0
   131/299     10.9G   0.01082  0.006762         0   0.01758        57       640    0.8198    0.7622    0.7896    0.5879   0.04334    0.2123         0
   132/299     10.9G   0.01073   0.00667         0    0.0174        86       640    0.8165    0.7651      0.79    0.5881   0.04339     0.212         0
   133/299     10.9G   0.01071  0.006662         0   0.01738        89       640    0.8185    0.7632    0.7899     0.588   0.04342    0.2122         0
   134/299     10.9G   0.01067  0.006653         0   0.01732        80       640    0.8156    0.7659    0.7902    0.5878   0.04351    0.2123         0
   135/299     10.9G   0.01072  0.006635         0   0.01735        67       640     0.818    0.7644    0.7911    0.5877   0.04355    0.2124         0
   136/299     10.9G   0.01068  0.006647         0   0.01733       109       640     0.822    0.7614    0.7914    0.5877   0.04356    0.2129         0
   137/299     10.9G   0.01072  0.006637         0   0.01735        63       640    0.8228    0.7607    0.7909    0.5874   0.04363    0.2135         0
   138/299     10.9G   0.01075  0.006705         0   0.01745        66       640    0.8165    0.7652    0.7898    0.5865   0.04365    0.2139         0
   139/299     10.9G   0.01068  0.006626         0   0.01731        44       640    0.8182    0.7629    0.7893    0.5859   0.04367    0.2145         0
   140/299     10.9G   0.01073  0.006638         0   0.01736        75       640    0.8146    0.7633    0.7866    0.5841   0.04373    0.2155         0
   141/299     10.9G   0.01065  0.006642         0   0.01729        78       640    0.8196    0.7572    0.7858    0.5833   0.04377     0.216         0
   142/299     10.9G    0.0106  0.006632         0   0.01723        71       640     0.816    0.7586    0.7846    0.5822   0.04379    0.2163         0
   143/299     10.9G    0.0106  0.006612         0   0.01721        72       640    0.8202    0.7549    0.7838    0.5816   0.04376    0.2169         0
   144/299     10.9G   0.01056  0.006561         0   0.01713        82       640    0.8178    0.7565    0.7832    0.5815   0.04378    0.2174         0
   145/299     10.9G   0.01063  0.006604         0   0.01723        45       640    0.8155    0.7595    0.7829    0.5815   0.04374    0.2181         0
   146/299     10.9G   0.01062  0.006634         0   0.01725        59       640     0.817    0.7564    0.7801      0.58   0.04371    0.2195         0
   147/299     10.9G   0.01051  0.006538         0   0.01705        65       640    0.8193     0.753    0.7789    0.5795   0.04375    0.2203         0
   148/299     10.9G   0.01046  0.006555         0   0.01701       102       640    0.8122    0.7592    0.7795    0.5803   0.04379      0.22         0
   149/299     10.9G   0.01046  0.006558         0   0.01701        88       640    0.8137    0.7586    0.7797    0.5807   0.04381    0.2201         0
   150/299     10.9G   0.01045  0.006526         0   0.01698        53       640    0.8171    0.7563    0.7802     0.581    0.0438    0.2197         0
   151/299     10.9G   0.01047  0.006548         0   0.01702       109       640    0.8153    0.7573    0.7791    0.5802   0.04383    0.2199         0
   152/299     10.9G   0.01039  0.006511         0    0.0169        71       640    0.8138    0.7592     0.779    0.5801   0.04383    0.2199         0
   153/299     10.9G   0.01043  0.006541         0   0.01697        44       640    0.8176    0.7557    0.7785    0.5798   0.04381    0.2202         0
   154/299     10.9G   0.01038  0.006517         0    0.0169        37       640    0.8151    0.7566    0.7782    0.5797   0.04382    0.2203         0
   155/299     10.9G   0.01043   0.00648         0   0.01691        63       640    0.8106    0.7605     0.779    0.5799   0.04382    0.2203         0
   156/299     10.9G   0.01042  0.006485         0   0.01691       102       640    0.8059    0.7638    0.7795    0.5804   0.04375    0.2205         0
   157/299     10.9G   0.01041  0.006485         0    0.0169        86       640    0.8046    0.7636    0.7788    0.5799   0.04377    0.2207         0
   158/299     10.9G   0.01035   0.00645         0    0.0168        61       640    0.8027    0.7651    0.7787    0.5795   0.04384    0.2205         0
   159/299     10.9G   0.01028  0.006396         0   0.01667        50       640    0.8011     0.766    0.7783    0.5789   0.04385     0.221         0
   160/299     10.9G   0.01025  0.006413         0   0.01666        72       640    0.8046    0.7632    0.7785     0.579   0.04385     0.221         0
   161/299     10.9G   0.01026  0.006416         0   0.01668        53       640    0.8031     0.765    0.7787    0.5792   0.04386    0.2211         0
   162/299     10.9G   0.01022  0.006366         0   0.01659       116       640    0.8056    0.7627    0.7789    0.5793   0.04387    0.2214         0
   163/299     10.9G    0.0103  0.006419         0   0.01671        77       640    0.8031    0.7659    0.7801    0.5801   0.04386     0.221         0
   164/299     10.9G   0.01025  0.006408         0   0.01665        61       640    0.8034    0.7648      0.78    0.5799   0.04391     0.221         0
   165/299     10.9G   0.01019  0.006386         0   0.01658        55       640    0.8036     0.764    0.7799    0.5801   0.04397    0.2211         0
   166/299     10.9G   0.01019  0.006342         0   0.01653        87       640    0.8035    0.7643    0.7802    0.5799   0.04399     0.221         0
   167/299     10.9G   0.01019  0.006367         0   0.01655        65       640     0.807    0.7622     0.781    0.5797   0.04399    0.2208         0
   168/299     10.9G   0.01013  0.006347         0   0.01647       117       640    0.8077    0.7623     0.781    0.5795   0.04399     0.221         0
   169/299     10.9G   0.01012  0.006331         0   0.01645        54       640    0.8051    0.7643    0.7803    0.5789   0.04401    0.2211         0
   170/299     10.9G   0.01017  0.006371         0   0.01654        98       640    0.8104    0.7599    0.7802    0.5787   0.04403    0.2207         0
   171/299     10.9G   0.01017   0.00636         0   0.01653        59       640    0.8137    0.7567    0.7797    0.5782   0.04404     0.221         0
   172/299     10.9G   0.01003  0.006298         0   0.01633        67       640     0.812     0.759    0.7803    0.5786   0.04408     0.221         0
   173/299     10.9G   0.01013  0.006362         0   0.01649        95       640    0.8155     0.758    0.7825    0.5795   0.04412    0.2204         0
   174/299     10.9G   0.01014  0.006328         0   0.01647        82       640    0.8078    0.7649     0.783    0.5792   0.04419    0.2201         0
   175/299     10.9G  0.009967  0.006223         0   0.01619        63       640    0.8065    0.7668    0.7837    0.5792   0.04423    0.2201         0
   176/299     10.9G   0.01008  0.006283         0   0.01636        45       640    0.8089    0.7659    0.7848    0.5799   0.04429      0.22         0
   177/299     10.9G  0.009957  0.006223         0   0.01618        43       640    0.8118    0.7642    0.7852    0.5799   0.04431    0.2199         0
   178/299     10.9G  0.009934  0.006198         0   0.01613        74       640    0.8119    0.7649    0.7853    0.5803   0.04428    0.2202         0
   179/299     10.9G  0.009949  0.006227         0   0.01618        73       640    0.8145    0.7633    0.7853    0.5802   0.04432    0.2203         0
   180/299     10.9G  0.009975  0.006209         0   0.01618        55       640    0.8149    0.7627    0.7848      0.58   0.04435    0.2203         0
   181/299     10.9G   0.01001  0.006264         0   0.01628        77       640    0.8153    0.7616    0.7841    0.5799   0.04438    0.2204         0
   182/299     10.9G   0.00988  0.006189         0   0.01607        62       640    0.8137     0.763    0.7841    0.5803    0.0444    0.2206         0
   183/299     10.9G  0.009876  0.006146         0   0.01602       127       640    0.8189     0.758    0.7837    0.5802   0.04448    0.2207         0
   184/299     10.9G  0.009809  0.006154         0   0.01596        87       640    0.8189    0.7575     0.783    0.5798   0.04453    0.2208         0
   185/299     10.9G  0.009816  0.006158         0   0.01597        55       640     0.816    0.7602    0.7834    0.5801   0.04458    0.2207         0
   186/299     10.9G  0.009901  0.006195         0    0.0161        43       640    0.8184     0.757    0.7836      0.58    0.0446    0.2207         0
   187/299     10.9G  0.009823  0.006127         0   0.01595        86       640    0.8133    0.7609    0.7839    0.5803   0.04459    0.2207         0
   188/299     10.9G  0.009788  0.006151         0   0.01594        90       640    0.8149    0.7596    0.7839    0.5805   0.04459    0.2208         0
   189/299     10.9G  0.009663   0.00609         0   0.01575       107       640    0.8192    0.7544    0.7836    0.5806   0.04458    0.2211         0
   190/299     10.9G  0.009777  0.006102         0   0.01588        82       640    0.8197     0.754    0.7836    0.5806   0.04454    0.2215         0
   191/299     10.9G  0.009692   0.00608         0   0.01577        92       640    0.8189    0.7523     0.782    0.5797   0.04453    0.2222         0
   192/299     10.9G  0.009634  0.006051         0   0.01569        87       640    0.8187    0.7521    0.7816    0.5793   0.04457    0.2223         0
   193/299     10.9G  0.009768  0.006122         0   0.01589       142       640    0.8191    0.7534    0.7819    0.5797   0.04457     0.222         0
   194/299     10.9G   0.00972  0.006102         0   0.01582        69       640    0.8194    0.7533    0.7808    0.5789   0.04461    0.2221         0
   195/299     10.9G  0.009667  0.006041         0   0.01571        71       640    0.8178    0.7546    0.7799    0.5782   0.04464    0.2223         0
   196/299     10.9G  0.009929  0.006227         0   0.01616        69       640    0.8175    0.7521    0.7778    0.5763   0.04456    0.2234         0
   197/299     10.9G  0.009716  0.006077         0   0.01579        76       640    0.8103    0.7564    0.7763    0.5745   0.04455    0.2251         0
   198/299     10.9G  0.009644  0.006045         0   0.01569        57       640    0.8071     0.759    0.7753    0.5743   0.04455    0.2255         0
   199/299     10.9G  0.009615  0.006042         0   0.01566        54       640    0.8082    0.7591    0.7756    0.5746   0.04453    0.2257         0
   200/299     10.9G  0.009511  0.005975         0   0.01549        55       640    0.8142    0.7543    0.7756    0.5747    0.0445     0.226         0
   201/299     10.9G  0.009606  0.006011         0   0.01562       100       640    0.8142    0.7551     0.776    0.5751   0.04446    0.2264         0
   202/299     10.9G  0.009566  0.006001         0   0.01557        61       640    0.8123    0.7567    0.7763    0.5754   0.04436    0.2265         0
   203/299     10.9G  0.009568  0.005986         0   0.01555        43       640    0.8094     0.759    0.7766    0.5752   0.04428    0.2266         0
   204/299     10.9G  0.009454  0.005984         0   0.01544        55       640    0.8087    0.7588    0.7766    0.5755   0.04423    0.2267         0
   205/299     10.9G  0.009384  0.005929         0   0.01531        69       640    0.8105    0.7565    0.7761    0.5748   0.04421    0.2273         0
   206/299     10.9G  0.009367  0.005876         0   0.01524        94       640    0.8196    0.7492    0.7758     0.575   0.04425    0.2273         0
   207/299     10.9G   0.00935   0.00588         0   0.01523        76       640    0.8191    0.7507    0.7761    0.5752   0.04428    0.2274         0
   208/299     10.9G  0.009353  0.005865         0   0.01522        48       640    0.8163    0.7526    0.7751    0.5749    0.0443    0.2277         0
   209/299     10.9G  0.009278  0.005838         0   0.01512        75       640    0.8177    0.7512    0.7754    0.5753   0.04427    0.2278         0
   210/299     10.9G  0.009469  0.005964         0   0.01543        57       640    0.8171    0.7524    0.7762     0.576   0.04429    0.2277         0
   211/299     10.9G  0.009428  0.005952         0   0.01538        74       640    0.8184    0.7501    0.7752    0.5751   0.04431    0.2284         0
   212/299     10.9G  0.009327   0.00587         0    0.0152        89       640    0.8142     0.754    0.7751    0.5749   0.04427    0.2289         0
   213/299     10.9G  0.009246  0.005845         0   0.01509        38       640     0.814     0.754     0.775    0.5751   0.04425    0.2293         0
   214/299     10.9G  0.009263  0.005838         0    0.0151        79       640     0.817    0.7512    0.7751    0.5755    0.0442    0.2297         0
   215/299     10.9G  0.009324  0.005869         0   0.01519        49       640    0.8159    0.7529     0.776    0.5759   0.04419    0.2298         0
   216/299     10.9G   0.00928  0.005828         0   0.01511        77       640    0.8116     0.757    0.7769    0.5765   0.04414    0.2298         0
   217/299     10.9G  0.009256  0.005802         0   0.01506        63       640    0.8116    0.7571    0.7771    0.5765   0.04405    0.2305         0
   218/299     10.9G  0.009218  0.005807         0   0.01503        94       640    0.8072    0.7617    0.7781    0.5771   0.04398    0.2307         0
   219/299     10.9G  0.009173  0.005775         0   0.01495        87       640    0.8034    0.7638    0.7778    0.5766   0.04396    0.2311         0
   220/299     10.9G  0.009185  0.005768         0   0.01495       114       640    0.8109    0.7568    0.7782    0.5767   0.04399    0.2307         0
   221/299     10.9G  0.009086  0.005727         0   0.01481        60       640    0.8071    0.7592    0.7775    0.5763     0.044    0.2313         0
   222/299     10.9G  0.009138  0.005744         0   0.01488        50       640    0.8055    0.7604    0.7776    0.5763   0.04392    0.2316         0
   223/299     10.9G  0.009137  0.005745         0   0.01488        84       640    0.8057    0.7588    0.7775    0.5762   0.04391     0.232         0
   224/299     10.9G  0.009173  0.005786         0   0.01496       103       640    0.8073    0.7557    0.7766    0.5756   0.04394    0.2324         0
   225/299     10.9G  0.009054  0.005694         0   0.01475        71       640    0.8077    0.7532    0.7744    0.5742   0.04399     0.233         0
   226/299     10.9G  0.009164  0.005741         0   0.01491        72       640    0.8053    0.7535    0.7729    0.5732   0.04402    0.2336         0
   227/299     10.9G  0.009009  0.005696         0    0.0147        50       640    0.7998    0.7573    0.7721     0.573   0.04407    0.2339         0
   228/299     10.9G   0.00896  0.005609         0   0.01457        83       640     0.798     0.759    0.7725    0.5732   0.04406    0.2338         0
   229/299     10.9G  0.008898  0.005576         0   0.01447        72       640    0.7998    0.7567    0.7721    0.5731    0.0441    0.2338         0
   230/299     10.9G  0.008908  0.005621         0   0.01453        85       640    0.8005     0.756    0.7719     0.573   0.04414    0.2335         0
   231/299     10.9G  0.008806  0.005579         0   0.01439        76       640    0.7973    0.7598    0.7725    0.5734   0.04413    0.2331         0
   232/299     10.9G  0.008875  0.005582         0   0.01446       108       640    0.7978    0.7594    0.7725    0.5734   0.04407    0.2331         0
   233/299     10.9G  0.008812  0.005545         0   0.01436        73       640    0.7908     0.765    0.7718    0.5733   0.04407    0.2332         0
   234/299     10.9G  0.008787  0.005552         0   0.01434        44       640    0.7894    0.7656    0.7717    0.5734   0.04408     0.233         0
   235/299     10.9G  0.008774  0.005525         0    0.0143        69       640    0.7893    0.7665    0.7727    0.5743    0.0441    0.2326         0
   236/299     10.9G  0.008744  0.005521         0   0.01427        50       640    0.7894    0.7656    0.7727    0.5743   0.04411    0.2327         0
   237/299     10.9G   0.00883   0.00556         0   0.01439       123       640    0.7873    0.7676    0.7726    0.5742   0.04414    0.2326         0
   238/299     10.9G  0.008681  0.005507         0   0.01419        86       640    0.7883     0.767    0.7726    0.5744    0.0442    0.2326         0
   239/299     10.9G  0.008649  0.005442         0   0.01409        58       640    0.7907    0.7648    0.7732    0.5749   0.04427    0.2325         0
   240/299     10.9G  0.008705  0.005463         0   0.01417        44       640    0.7923    0.7636    0.7738    0.5752   0.04424    0.2328         0
   241/299     10.9G  0.008763  0.005509         0   0.01427        67       640    0.7894    0.7667     0.774    0.5755   0.04423    0.2328         0
   242/299     10.9G  0.008753  0.005502         0   0.01426        89       640    0.7919    0.7642    0.7735    0.5753   0.04428    0.2327         0
   243/299     10.9G   0.00878   0.00555         0   0.01433        64       640    0.7917    0.7654    0.7741    0.5759    0.0443    0.2327         0
   244/299     10.9G  0.008727  0.005481         0   0.01421        69       640    0.7949    0.7634    0.7747    0.5761   0.04432    0.2325         0
   245/299     10.9G  0.008627  0.005427         0   0.01405        49       640    0.7909    0.7666    0.7746    0.5759   0.04432    0.2326         0
   246/299     10.9G  0.008647  0.005451         0    0.0141        35       640    0.7937    0.7647    0.7742    0.5754   0.04439    0.2323         0
   247/299     10.9G  0.008664   0.00544         0    0.0141        39       640    0.7932    0.7662     0.775    0.5757   0.04443    0.2316         0
   248/299     10.9G  0.008668  0.005424         0   0.01409        71       640    0.7933    0.7667    0.7757    0.5762   0.04447    0.2311         0
   249/299     10.9G  0.008686  0.005482         0   0.01417        75       640    0.7918    0.7686    0.7758    0.5763   0.04453    0.2308         0
   250/299     10.9G  0.008603  0.005421         0   0.01402       109       640    0.7932    0.7675     0.776    0.5761   0.04454    0.2306         0
   251/299     10.9G  0.008581  0.005433         0   0.01401        99       640    0.7936    0.7676    0.7758     0.576   0.04451    0.2305         0
   252/299     10.9G  0.008549  0.005398         0   0.01395        85       640     0.791    0.7698    0.7755     0.576   0.04443    0.2309         0
   253/299     10.9G  0.008463  0.005341         0    0.0138        64       640    0.7941    0.7678    0.7756    0.5758    0.0444     0.231         0
   254/299     10.9G  0.008404  0.005289         0   0.01369        48       640    0.7985    0.7641    0.7754     0.576   0.04436    0.2314         0
   255/299     10.9G  0.008528  0.005402         0   0.01393        67       640    0.7994     0.764    0.7753    0.5764   0.04423    0.2322         0
   256/299     10.9G  0.008393  0.005299         0   0.01369       103       640    0.7981    0.7667    0.7757    0.5773   0.04408    0.2331         0
   257/299     10.9G  0.008372  0.005299         0   0.01367        25       640     0.796    0.7699     0.777    0.5782   0.04407    0.2328         0
   258/299     10.9G  0.008402  0.005331         0   0.01373        67       640    0.7991     0.768    0.7778     0.579   0.04407     0.233         0
   259/299     10.9G  0.008441  0.005348         0   0.01379        54       640    0.8004     0.767    0.7778    0.5791   0.04405    0.2332         0
   260/299     10.9G  0.008356  0.005265         0   0.01362        57       640    0.7998    0.7692    0.7787    0.5798   0.04406     0.233         0
   261/299     10.9G  0.008319   0.00523         0   0.01355        41       640    0.8005    0.7691    0.7784    0.5798   0.04407     0.233         0
   262/299     10.9G  0.008362  0.005264         0   0.01363        49       640    0.8066    0.7638    0.7787    0.5798    0.0441    0.2327         0
   263/299     10.9G  0.008329  0.005265         0   0.01359        69       640    0.8014    0.7682    0.7786    0.5803   0.04414    0.2326         0
   264/299     10.9G   0.00821  0.005165         0   0.01338        85       640    0.7998    0.7689    0.7781    0.5799   0.04421    0.2324         0
   265/299     10.9G  0.008305   0.00524         0   0.01355        75       640    0.8008    0.7681    0.7782    0.5797   0.04423    0.2322         0
   266/299     10.9G  0.008183   0.00515         0   0.01333        37       640    0.8013    0.7675     0.778    0.5798   0.04425    0.2325         0
   267/299     10.9G  0.008155  0.005173         0   0.01333       135       640    0.8034    0.7661    0.7781    0.5798   0.04421    0.2328         0
   268/299     10.9G  0.008126  0.005123         0   0.01325        44       640    0.8041    0.7661    0.7777    0.5794   0.04425    0.2327         0
   269/299     10.9G   0.00813  0.005141         0   0.01327        58       640    0.8051    0.7655    0.7772    0.5793   0.04424    0.2331         0
   270/299     10.9G  0.008209  0.005165         0   0.01337        53       640    0.8064    0.7639    0.7769    0.5791   0.04421    0.2335         0
   271/299     10.9G  0.008215  0.005208         0   0.01342        55       640     0.809    0.7614    0.7767    0.5787   0.04425    0.2336         0
   272/299     10.9G  0.008337  0.005242         0   0.01358        55       640    0.8072    0.7627    0.7761    0.5782   0.04426    0.2337         0
   273/299     10.9G   0.00841  0.005285         0   0.01369        64       640    0.8088    0.7612    0.7761    0.5778   0.04414    0.2339         0
   274/299     10.9G  0.008289  0.005214         0    0.0135        83       640    0.8058    0.7642    0.7766    0.5779   0.04407     0.234         0
   275/299     10.9G  0.008241  0.005211         0   0.01345        94       640     0.807    0.7633    0.7772     0.578    0.0441     0.234         0
   276/299     10.9G  0.008175  0.005159         0   0.01333       129       640    0.8059    0.7636    0.7767    0.5777   0.04412    0.2341         0
   277/299     10.9G  0.008092  0.005104         0    0.0132        75       640    0.8058    0.7646    0.7767    0.5775   0.04413    0.2339         0
   278/299     10.9G  0.008123  0.005138         0   0.01326        53       640    0.8054     0.765    0.7763    0.5772   0.04418     0.234         0
   279/299     10.9G  0.008052  0.005063         0   0.01312       106       640    0.8069    0.7639    0.7758    0.5771   0.04419     0.234         0
   280/299     10.9G  0.008004   0.00504         0   0.01304        78       640    0.8052     0.765    0.7752    0.5769   0.04419    0.2339         0
   281/299     10.9G  0.007963  0.005034         0     0.013        79       640    0.8031    0.7669    0.7752    0.5771   0.04423    0.2337         0
   282/299     10.9G  0.008005  0.005064         0   0.01307        71       640    0.8041    0.7669    0.7762    0.5777   0.04431    0.2331         0
   283/299     10.9G  0.007944  0.005017         0   0.01296        55       640    0.8036    0.7679    0.7763    0.5779    0.0444    0.2329         0
   284/299     10.9G  0.008013  0.005049         0   0.01306        82       640    0.8047    0.7677    0.7768    0.5783   0.04445    0.2324         0
   285/299     10.9G  0.008007  0.005079         0   0.01309        83       640    0.8018    0.7709    0.7773    0.5783    0.0445    0.2324         0
   286/299     10.9G  0.007907  0.005044         0   0.01295        55       640    0.8055    0.7682     0.778    0.5785   0.04457    0.2323         0
   287/299     10.9G  0.007891  0.005001         0   0.01289        71       640    0.8071    0.7667    0.7782    0.5785   0.04463    0.2321         0
   288/299     10.9G  0.007857  0.004972         0   0.01283        48       640    0.8087    0.7655    0.7778    0.5781   0.04468    0.2323         0
   289/299     10.9G  0.007897  0.004995         0   0.01289        70       640    0.8067     0.768     0.778     0.578   0.04474    0.2323         0
   290/299     10.9G  0.007879  0.004967         0   0.01285        55       640    0.8078    0.7672    0.7781    0.5779   0.04477    0.2323         0
   291/299     10.9G  0.008002  0.005061         0   0.01306        52       640    0.8087    0.7666    0.7775    0.5776   0.04478    0.2327         0
   292/299     10.9G  0.008063  0.005062         0   0.01313        74       640    0.8063    0.7689    0.7775    0.5775   0.04478    0.2327         0
   293/299     10.9G  0.007975   0.00505         0   0.01303        83       640    0.8049    0.7713    0.7784    0.5781   0.04474    0.2326         0
   294/299     10.9G  0.007986  0.005075         0   0.01306        92       640     0.804    0.7719    0.7787    0.5781    0.0447    0.2327         0
   295/299     10.9G  0.007927  0.004999         0   0.01293        82       640    0.8057      0.77    0.7792    0.5784   0.04469    0.2325         0
   296/299     10.9G   0.00796  0.005058         0   0.01302        32       640    0.8056    0.7699    0.7793    0.5787   0.04468    0.2325         0
   297/299     10.9G  0.007916  0.005009         0   0.01293        98       640    0.8037    0.7727    0.7798    0.5788   0.04473    0.2321         0
   298/299     10.9G  0.007985  0.005048         0   0.01303        63       640    0.8035    0.7729    0.7798    0.5788   0.04474    0.2322         0
   299/299     10.9G  0.007974  0.005028         0     0.013        61       640    0.8051    0.7704    0.7795    0.5785    0.0448    0.2322         0
